52.721103, 13.223500;
52.721170, 13.223778;
52.721235, 13.224058;
52.721302, 13.224340;
52.721368, 13.224623;
52.721437, 13.224910;
52.721505, 13.225198;
52.721573, 13.225478;
52.721639, 13.225752;
52.721705, 13.226025;
52.721772, 13.226307;
52.721842, 13.226593;
52.721918, 13.226883;
52.722007, 13.227160;
52.722113, 13.227414;
52.722242, 13.227628;
52.722390, 13.227803;
52.722552, 13.227933;
52.722722, 13.228020;
52.722900, 13.228053;
52.723078, 13.228037;
52.723252, 13.227980;
52.723422, 13.227892;
52.723585, 13.227787;
52.723745, 13.227680;
52.723895, 13.227580;
52.724025, 13.227495;
52.724135, 13.227423;
52.724225, 13.227375;
52.724298, 13.227362;
52.724358, 13.227377;
52.724417, 13.227387;
52.724470, 13.227372;
52.724517, 13.227328;
52.724553, 13.227262;
52.724570, 13.227171;
52.724565, 13.227075;
52.724532, 13.226988;
52.724478, 13.226932;
52.724415, 13.226918;
52.724352, 13.226948